 gpa greq grev mat ar
 3.2 625  540  65  2.7
 4.1 575  680  75  4.5
 3.0 520  480  65  2.5
 2.6 545  520  55  3.1
 3.7 520  490  75  3.6
 4.0 655  535  65  4.3
 4.3 630  720  75  4.6
 2.7 500  500  75  3.0
 3.6 605  575  65  4.7
 4.1 555  690  75  3.4
 2.7 505  545  55  3.7
 2.9 540  515  55  2.6
 2.5 520  520  55  3.1
 3.0 585  710  65  2.7
 3.3 600  610  85  5.0
 3.2 625  540  65  2.7
 4.1 575  680  75  4.5
 3.0 520  480  65  2.5
 2.6 545  520  55  3.1
 3.7 520  490  75  3.6
 4.0 655  535  65  4.3
 4.3 630  720  75  4.6
 2.7 500  500  75  3.0
 3.6 605  575  65  4.7
 4.1 555  690  75  3.4
 2.7 505  545  55  3.7
 2.9 540  515  55  2.6
 2.5 520  520  55  3.1
 3.0 585  710  65  2.7
 3.3 600  610  85  5.0
